Sandglass
M2U
117 30 16 1000 2500 3200
0 2
3 4
1 6
2 10
0 12
3 14
1 16
2 20
0 24
3 28
0 32
1 34
2 36
3 40
0 44
1 44
3 46
2 46
0 50
1 54
2 54
3 60
0 64
2 68
3 68
0 72
1 72
3 74
0 76
2 76
0 80
1 80
2 84
1 84
3 86
2 86
0 90
1 92
2 94
3 96
2 100
1 102
3 104
0 108
2 108
2 110
1 112
0 116
3 118
1 120
2 122
0 124
3 126
2 128
1 130
0 132
2 134
3 136
1 138
1 140
2 142
3 142
0 144
0 146
2 146
3 150
1 154
1 156
0 160
3 162
2 164
1 166
2 166
0 168
1 170
3 172
2 174
0 174
1 178
2 178
0 180
1 182
3 184
2 186
0 188
2 190
3 190
1 192
1 196
2 200
3 202
0 202
2 204
1 204
2 206
0 210
1 212
3 212
0 216
2 216
1 218
3 220
0 222
3 224
0 228
0 230
3 230
3 232
1 234
2 236
1 236
0 240
2 244
0 246
1 246
0 248
3 250
0 252
1 256
2 256
0 258
3 258
1 264
2 266
0 266
1 268
2 270
3 272
0 272
2 276
0 278
2 280
2 282
1 284
0 286
2 286
3 288
0 288
1 290
2 292
3 296
0 298
1 300
1 302
2 304
3 308
0 310
0 312
3 312
2 314
1 316
1 318
2 320
2 322
3 324
0 324
1 326
2 326
2 330
3 334
1 336
0 338
2 340
3 342
1 344
0 346
2 348
0 350
3 352
2 356
1 358
0 360
0 362
3 362
2 364
1 364
0 368
2 370
3 372
1 374
0 376
1 378
1 380
2 382
3 382
0 384
2 386
2 388
1 392
0 394
2 396
3 400
0 400
1 402
2 404
0 408
3 410
2 410
1 412
0 414
2 416