Magnolia
M2U
108 30 4 1000 2500 3200
0 1
3 2
3 3
3 4
2 5
3 6
1 7
3 8
2 9
1 10
2 11
0 12
1 13
1 14
0 15
2 16
1 17
3 18
2 19
2 20
1 21
1 22
3 23
2 24
1 25
0 26
3 27
1 28
0 29
3 30
2 31
3 32
0 33
0 34
2 35
0 36
3 37
0 38
2 39
3 40
3 41
1 42
0 43
0 44
2 45
2 46
1 47
1 48
2 49
2 50
3 51
2 52
0 53
2 54
3 55
3 56
0 57
3 58
1 59
0 60
2 61
0 62
1 63
2 64
0 65
0 66
3 67
1 68
1 69
2 70
1 71
2 72
0 73
3 74
3 75
1 76
1 77
1 78
0 79
0 80
3 81
2 82
0 83
3 84
3 85
0 86
2 87
2 88
3 89
0 90
2 91
2 92
1 93
3 94
1 95
0 96
1 97
3 98
2 99
1 100
0 101
1 102
3 103
1 104
1 105
1 106
1 107
1 108
3 109
3 110
1 111
1 112
2 113
2 114
1 115
1 116
2 117
2 118
1 119
2 120
0 121
2 122
3 123
3 124
3 125
3 126
3 127
3 128
0 129
1 130
2 131
0 132
0 133
0 134
1 135
0 136
2 137
1 138
1 139
0 140
0 141
1 142
2 143
2 144
2 145
2 146
0 147
0 148
0 149
2 150
3 151
3 152
2 153
3 154
1 155
0 156
1 157
0 158
1 159
0 160
1 161
1 162
1 163
0 164
2 165
3 166
1 167
3 168
3 169
1 170
2 171
2 172
3 173
1 174
2 175
3 176
0 177
2 178
1 179
0 180
0 181
0 182
0 183
2 184
1 185
1 186
2 187
2 188
3 189
3 190
2 191
1 192
0 193
2 194
0 195
0 196
0 197
2 198
2 199
0 200
3 201
1 202
3 203
1 204
2 205
0 206
1 207
2 208
0 209
0 210
1 211
3 212
1 213
2 214
2 215
1 216
0 217
3 218
0 219
2 220
1 221
3 222
0 223
2 224
0 225
2 226
1 227
2 228
2 229
0 230
0 231
0 232
1 233
3 234
0 235
2 236
1 237
3 238
2 239
3 240
0 241
3 242
1 243
3 244
0 245
2 246
2 247
3 248
3 249
3 250
2 251
3 252
0 253
3 254
2 255
3 256
3 257
0 258
3 259
0 260
0 261
3 262
0 263
2 264
1 265
2 266
0 267
0 268
3 269
1 270
1 271
2 272
2 273
0 274
1 275
0 276
3 277
1 278
1 279
3 280
1 281
3 282
3 283
3 284
1 285
1 286
0 287
1 288
0 289
1 290
3 291
3 292
1 293
0 294
3 295
1 296
2 297
3 298
0 299
3 300
2 301
2 302
3 303
0 304
1 305
0 306
1 307
3 308
3 309
0 310
3 311
0 312
2 313
2 314
3 315
2 316
3 317
0 318
1 319
0 320
2 321
3 322
3 323
2 324
3 325
3 326
2 327
1 328
0 329
3 330
1 331
2 332
1 333
2 334
1 335
3 336
2 337
3 338
3 339
1 340
2 341
2 342
2 343
2 344
0 345
2 346
1 347
3 348
1 349
1 350
2 351
1 352
3 353
0 354
3 355
3 356
1 357
2 358
2 359
0 360
2 361
3 362
1 363
1 364
0 365
0 366
2 367
3 368
0 369
3 370
1 371
2 372
2 373
0 374